,0,1,2
0,5.0,0.06324555320336758,1.8584073464102069
1,3.4482758620689657,0.028999999999999998,0.30668320847917263
2,2.8818443804034586,0.010973103480784275,0.25974827318633453
3,3.1055900621118013,0.00322,0.036002591477991785
4,3.142183817753339,0.0010063948653485865,0.0005911641635458764
5,3.1439125992297416,0.000318075,0.0023199456399485285
6,3.141303364461556,0.00010066769405158736,0.00028928912823733555
7,3.142017263688175,3.1826686999999996e-05,0.00042461009838179464
8,3.1417039095244066,1.006548596314758e-05,0.0001112559346134745
