,0,1,2
0,2.0,0.15811388300841897,1.1415926535897931
1,2.380952380952381,0.041999999999999996,0.7606402726374122
2,3.3112582781456954,0.009550078533708506,0.16966562455590228
3,3.2425421530479897,0.003084,0.10094949945819653
4,3.1644568209866777,0.0009993113633898095,0.02286416739688457
5,3.1473956874384292,0.00031772299999999995,0.005803033848636119
6,3.140102913732895,0.00010070617897071162,0.0014897398568982645
7,3.141680655261591,3.1830097000000004e-05,8.800167179767726e-05
8,3.141677200710321,1.0065571534381067e-05,8.454712052774482e-05
